1.00000
height = 1.00000
width = 1.00000
